0 85200945 -1
1 85147148 Timeout
2 56463531 Timeout
3 56463113 Timeout
4 56463111 Timeout
5 56324196 Timeout
6 49827607 Timeout
7 49818727 -1
8 49818649 -1
9 49818492 -1
10 49818090 -1
11 49737293 -1
12 49732343 Timeout
13 49723522 -1
14 49721196 -1
15 49721079 -1
16 49720653 -1
17 49720525 Timeout
18 49719184 -1
19 49718926 Timeout
20 49718851 -1
21 49674882 -1
22 49647245 Timeout
23 47204820 -1
24 26732506 -1
25 26732425 -1
26 26732424 Timeout
27 26732423 -1
28 26732421 Timeout
29 26732420 -1
30 26732402 -1
31 26725275 Timeout
32 26669445 -1
33 26669429 -1
34 26669428 -1
35 26667375 -1
36 26666255 0
37 26665328 0
38 26664240 0
39 26663660 -1
40 26663608 0
41 26663389 -1
42 24822944 -1
43 24819329 -1
44 24811033 -1
45 24810935 -1
46 24810933 -1
47 24810894 -1
48 24809950 0
49 24808871 -1
50 24807915 0
51 24806757 -1
52 24800826 Timeout
53 24799826 -1
54 24799604 -1
55 24799485 Timeout
56 24798485 -1
57 24792005 -1
58 24786453 Timeout
59 24785479 -1
60 24784997 -1
61 24784996 -1
62 24784995 -1
63 24783834 -1
64 24783753 -1
65 24782884 -1
66 24780451 -1
67 22415266 -1
68 22415203 -1
69 22413693 Timeout
70 22413636 -1
71 22413567 0
72 22413385 0
73 22413255 Timeout
74 22413037 -1
75 22412941 -1
76 22412381 -1
77 22405894 -1
78 22405890 -1
79 22405884 Timeout
80 22405869 -1
81 22405867 Timeout
82 22405861 -1
83 22405849 -1
84 22403124 -1
85 17511153 -1
86 17510776 -1
87 17507803 -1
88 17507148 -1
89 17415122 0
90 17401461 -1
91 17401320 -1
92 14746297 0
93 14745918 -1
94 14742996 -1
95 14741618 0
96 14741360 -1
97 14739043 -1
98 14736126 -1
99 14735933 0
100 14735802 -1
101 14731108 0
102 14728046 -1
103 14725386 -1
104 14725002 -1
105 14719168 0
106 7978301 -1
107 7977062 Timeout
108 7975451 -1
109 7975332 -1
110 7974059 -1
111 7973027 -1
112 7972660 -1
113 7972324 -1
114 4265390 -1
115 4262490 -1
116 4260890 Timeout
117 4259641 -1
118 4256861 -1
119 4255980 -1
120 4249842 -1
121 4248512 -1
122 4240975 -1
123 863994 -1
124 861214 -1
125 861016 -1
126 858779 Timeout
127 857547 0
128 856334 -1
129 856038 -1
130 852981 -1
131 852782 -1
132 851246 -1
133 56463108 Timeout
134 49826884 -1
135 49825348 -1
136 49732601 -1
137 49720650 -1
138 49646906 Timeout
139 47204873 -1
140 47204821 -1
141 26732394 Timeout
142 26669532 -1
143 26666472 -1
144 26666395 0
145 26666394 -1
146 26664938 -1
147 24810967 -1
148 24810934 -1
149 24809983 -1
150 24809880 -1
151 24800779 -1
152 24788533 -1
153 24785681 Timeout
154 24784998 -1
155 24784463 -1
156 24783289 -1
157 24783108 -1
158 24783004 -1
159 24782885 -1
160 24782883 -1
161 24782882 -1
162 24780304 -1
163 22415515 -1
164 22413349 0
165 22405907 -1
166 22405887 -1
167 22405870 -1
168 17510681 Timeout
169 17431934 0
170 14738923 -1
171 14735064 -1
172 14727201 0
173 14724180 -1
174 7977328 -1
175 7976174 -1
176 4259996 -1
177 4241898 -1
178 865846 Timeout
179 856108 -1
180 850556 -1
181 50107948 -1
182 24783289 -1
183 14728046 -1
184 22415515 -1
185 22413385 0
186 11112762 -1
187 50106468 Timeout
188 22413037 -1
189 14735802 -1
190 26756506 Timeout
191 22403124 -1
192 50109062 Timeout
193 22405884 Timeout
194 852981 -1
195 22413567 0
196 14741618 0
197 50108992 Timeout
198 4259996 -1
199 50108575 Timeout
200 14735933 0
201 852782 -1
202 22405907 -1
203 11112374 Timeout
204 24784995 -1
205 22405887 -1
206 26750088 Timeout
207 17415122 0
208 24784463 -1
209 17510776 -1
210 26749361 Timeout
211 22405894 -1
212 26754258 Timeout
213 50107814 -1
214 26751085 Timeout
215 11112577 Timeout
216 24807915 0
217 14725386 -1
218 22412381 -1
219 26749337 Timeout
220 11112820 Timeout
221 24782883 -1
222 50109984 Timeout
223 50107872 -1
224 50109041 Timeout
225 7974059 -1
226 24799826 -1
227 50109412 -1
228 17431934 0
229 50106062 Timeout
230 50108990 -1
231 50108523 Timeout
232 50109631 Timeout
233 50108841 Timeout
234 24784997 -1
235 11112604 Timeout
236 14719168 0
237 24810967 -1
238 4262490 -1
239 50109627 -1
240 50108367 -1
241 17507803 -1
242 11114068 -1
243 50109172 -1
244 22405849 -1
245 26751438 Timeout
246 24782884 -1
247 11112621 Timeout
248 26751093 -1
249 50109730 Timeout
250 26663608 0
251 11112755 Timeout
252 50107890 -1
253 26665328 0
254 11112560 Timeout
255 4240975 -1
256 50108946 Timeout
257 22413255 Timeout
258 50109976 Timeout
259 24811033 -1
260 24810935 -1
261 14739043 -1
262 50108864 Timeout
263 14745918 -1
264 856334 -1
265 24784996 -1
266 14731108 0
267 26669429 -1
268 26669428 -1
269 26755787 Timeout
270 7977062 -1
271 14742996 -1
272 857547 0
273 50108368 -1
274 14736126 -1
275 850556 -1
276 50109403 Timeout
277 14738923 -1
278 26749583 Timeout
279 22415203 -1
280 11112903 Timeout
281 14724180 -1
282 24810934 -1
283 24785681 Timeout
284 24783004 -1
285 50107817 -1
286 11112620 Timeout
287 26664240 0
288 26755789 Timeout
289 11112851 -1
290 24808871 -1
291 11112420 Timeout
292 17388740 Timeout
293 22413636 -1
294 26749883 Timeout
295 22415266 -1
296 24799485 Timeout
297 26754390 Timeout
298 24783834 -1
299 4241898 -1
300 11112375 Timeout
301 26756505 Timeout
302 26663660 -1
303 14727201 0
304 11114133 -1
305 50108565 -1
306 4259641 -1
307 50109276 -1
308 24800779 -1
309 11112567 -1
310 11112592 Timeout
311 14741360 -1
312 7976174 -1
313 22412941 -1
314 24810933 -1
315 11112908 Timeout
316 863994 -1
317 14735064 -1
318 50108526 Timeout
319 851246 -1
320 26748412 Timeout
321 24785479 -1
322 50109958 Timeout
323 7975332 -1
324 24780451 -1
325 4248512 -1
326 24806757 -1
327 50108369 -1
328 50107889 -1
329 26754158 0
330 24809880 -1
331 144211746 -1
332 144211746 -1
333 124878216 Timeout
334 93576719 Timeout
335 90340616 Timeout
336 85200945 -1
337 85147148 Timeout
338 56463531 Timeout
339 56463113 Timeout
340 56463111 Timeout
341 56463108 Timeout
342 56324196 Timeout
343 49827607 Timeout
344 49826884 -1
345 49818727 -1
346 49818649 -1
347 49818090 -1
348 49737293 -1
349 49732343 Timeout
350 49723522 -1
351 49721196 -1
352 49720653 -1
353 49720525 Timeout
354 49719184 -1
355 49718851 -1
356 49681621 -1
357 49674882 -1
358 49647245 Timeout
359 49646906 Timeout
360 47204873 -1
361 47204821 -1
362 47204820 -1
363 47199222 -1
364 46501273 Timeout
365 46501265 Timeout
366 46501215 Timeout
367 46501177 Timeout
368 26757038 Timeout
369 26755790 Timeout
370 26732506 -1
371 26732425 -1
372 26732424 Timeout
373 26732423 -1
374 26732421 Timeout
375 26732420 -1
376 26732402 -1
377 26732394 Timeout
378 26725275 Timeout
379 26669445 -1
380 26669428 -1
381 26667375 -1
382 26666472 -1
383 26666395 0
384 26666394 -1
385 26666255 0
386 26665328 0
387 26663608 0
388 26663389 -1
389 24822944 -1
390 24819329 -1
391 24811033 -1
392 24810967 -1
393 24810935 -1
394 24810934 -1
395 24810933 -1
396 24810894 -1
397 24809983 -1
398 24809950 0
399 24809880 -1
400 24808871 -1
401 24807915 0
402 24800826 Timeout
403 24800779 -1
404 24799826 -1
405 24799485 Timeout
406 24798485 -1
407 24788533 -1
408 24786453 Timeout
409 24785681 Timeout
410 24785479 -1
411 24784997 -1
412 24784996 -1
413 24784995 -1
414 24784463 -1
415 24783834 -1
416 24783753 -1
417 24783108 -1
418 24782885 -1
419 24782884 -1
420 24782883 -1
421 24782882 -1
422 24780451 -1
423 24780304 -1
424 24391567 -1
425 24391565 -1
426 24391563 -1
427 24391561 -1
428 24391559 -1
429 24391523 -1
430 24391521 -1
431 24391493 Timeout
432 24391489 -1
433 24391471 Timeout
434 24391469 -1
435 24391465 -1
436 24391463 -1
437 24391461 -1
438 24391442 -1
439 24391440 Timeout
440 24391422 -1
441 24391418 -1
442 24390180 -1
443 24274851 -1
444 22415515 -1
445 22415203 -1
446 22413636 -1
447 22413567 0
448 22413349 0
449 22413255 Timeout
450 22413037 -1
451 22412941 -1
452 22405894 -1
453 22405887 -1
454 22405884 Timeout
455 22405870 -1
456 22405869 -1
457 22405867 Timeout
458 22405861 -1
459 22405849 -1
460 17510776 -1
461 17510681 Timeout
462 17507803 -1
463 17507148 -1
464 17431934 0
465 17415122 0
466 17401461 -1
467 17401320 -1
468 17385864 -1
469 14746297 0
470 14745918 -1
471 14742996 -1
472 14741618 0
473 14739043 -1
474 14736126 -1
475 14735064 -1
476 14731108 0
477 14727201 0
478 14725386 -1
479 14725002 -1
480 14724180 -1
481 14719168 0
482 7978301 -1
483 7977328 -1
484 7977062 Timeout
485 7976174 -1
486 7975664 -1
487 7974059 -1
488 7973027 -1
489 7972660 -1
490 7972324 -1
491 4265390 -1
492 4262490 -1
493 4259996 -1
494 4258796 -1
495 4256861 -1
496 4248512 -1
497 4241898 -1
498 4240975 -1
499 865846 -1
500 863994 -1
501 861214 -1
502 857547 0
503 856108 -1
504 856038 -1
505 852782 -1
506 851246 -1
507 850556 -1
508 49825348 -1
509 49818492 -1
510 49732601 -1
511 49721079 -1
512 49720650 -1
513 49718926 Timeout
514 26669532 -1
515 26669429 -1
516 26664938 -1
517 26664240 0
518 26663660 -1
519 24806757 -1
520 24799604 -1
521 24792005 -1
522 24783289 -1
523 24783004 -1
524 24391585 Timeout
525 24391553 Timeout
526 24391467 -1
527 24391446 -1
528 24391444 -1
529 24276231 -1
530 22413693 Timeout
531 22413385 0
532 22412381 -1
533 22405907 -1
534 22405890 -1
535 22403124 -1
536 17511153 -1
537 14741360 -1
538 14738923 -1
539 14735933 0
540 14735802 -1
541 14728046 -1
542 7975451 -1
543 7975332 -1
544 4260890 Timeout
545 4259641 -1
546 4255980 -1
547 4249842 -1
548 861016 -1
549 858779 Timeout
550 856334 -1
551 852981 -1
552 56463531 Timeout
553 56463113 Timeout
554 56463111 Timeout
555 56324196 Timeout
556 50109976 Timeout
557 50109958 Timeout
558 50106468 Timeout
559 50106062 Timeout
560 49818649 -1
561 49818492 -1
562 49737293 -1
563 49732601 -1
564 49721079 -1
565 49720653 -1
566 49720525 Timeout
567 49718851 -1
568 47204873 -1
569 47204821 -1
570 29215260 Timeout
571 26757038 Timeout
572 26757037 Timeout
573 26757005 Timeout
574 26756940 Timeout
575 26756612 Timeout
576 26756506 Timeout
577 26755788 Timeout
578 26754390 Timeout
579 26754258 Timeout
580 26754158 0
581 26754119 Timeout
582 26751439 Timeout
583 26751180 -1
584 26751093 -1
585 26751092 -1
586 26751085 Timeout
587 26750089 Timeout
588 26750088 0
589 26749883 Timeout
590 26749583 Timeout
591 26749423 Timeout
592 26749381 Timeout
593 26749364 Timeout
594 26749361 Timeout
595 26749337 Timeout
596 26749295 Timeout
597 26748412 Timeout
598 26732506 -1
599 26732424 Timeout
600 26732423 -1
601 26732421 Timeout
602 26732420 -1
603 26732402 -1
604 26732394 Timeout
605 26725275 Timeout
606 26669532 -1
607 26669429 -1
608 26669428 -1
609 26667375 -1
610 26666472 -1
611 26666395 0
612 26666394 -1
613 26665328 0
614 26664938 -1
615 26664240 0
616 26663608 0
617 26663389 -1
618 24822944 -1
619 24819329 -1
620 24811033 -1
621 24810967 -1
622 24810935 -1
623 24809983 -1
624 24809880 -1
625 24807915 0
626 24806757 -1
627 24800779 -1
628 24799604 -1
629 24799485 Timeout
630 24788533 -1
631 24784998 -1
632 24784997 -1
633 24784996 -1
634 24784995 -1
635 24784463 -1
636 24783834 -1
637 24783753 -1
638 24783289 -1
639 24783108 -1
640 24783004 -1
641 24782885 -1
642 24782884 -1
643 24782883 -1
644 24782882 -1
645 24780304 -1
646 22415266 -1
647 22413693 Timeout
648 22413636 -1
649 22413567 0
650 22413385 0
651 22413349 0
652 22413255 Timeout
653 22413037 -1
654 22412941 -1
655 22405870 -1
656 22405869 -1
657 22405861 -1
658 22405849 -1
659 17511153 -1
660 17510681 Timeout
661 17507803 -1
662 17507148 -1
663 17431934 0
664 17415122 0
665 17401461 -1
666 17389736 Timeout
667 17388740 Timeout
668 14746297 0
669 14745918 -1
670 14742996 -1
671 14741618 0
672 14741360 -1
673 14739043 -1
674 14738923 -1
675 14736126 -1
676 14735933 0
677 14735802 -1
678 14731108 0
679 14728046 -1
680 14727201 0
681 14725386 -1
682 14725002 -1
683 14724180 -1
684 14719168 0
685 11114133 -1
686 11113816 -1
687 11113369 Timeout
688 11112916 Timeout
689 11112908 Timeout
690 11112903 Timeout
691 11112850 -1
692 11112762 -1
693 11112621 Timeout
694 11112620 Timeout
695 11112604 Timeout
696 11112592 Timeout
697 11112560 Timeout
698 11112420 Timeout
699 11112375 Timeout
700 11112340 Timeout
701 7978301 -1
702 7976174 -1
703 7975664 -1
704 7975451 -1
705 7975332 -1
706 7972660 -1
707 7972324 -1
708 4265390 -1
709 4260890 Timeout
710 4259996 -1
711 4259641 -1
712 4258796 -1
713 4256861 -1
714 4255980 -1
715 4249842 -1
716 4248512 -1
717 4241898 -1
718 4240975 -1
719 865846 Timeout
720 863994 -1
721 861214 -1
722 861016 -1
723 857547 0
724 856334 -1
725 856108 -1
726 856038 -1
727 852981 -1
728 852782 -1
729 851246 -1
730 850556 -1
731 56463108 Timeout
732 50109984 Timeout
733 49827607 Timeout
734 49826884 -1
735 49825348 -1
736 49818727 -1
737 49818090 -1
738 49732343 -1
739 49723522 -1
740 49721196 -1
741 49719184 -1
742 49718926 Timeout
743 49674882 -1
744 49646906 Timeout
745 47204820 -1
746 26756611 Timeout
747 26756505 Timeout
748 26756353 Timeout
749 26755790 Timeout
750 26755789 Timeout
751 26755787 Timeout
752 26751438 Timeout
753 26732425 -1
754 26669445 -1
755 26666255 0
756 26663660 -1
757 24810934 -1
758 24810933 -1
759 24810894 -1
760 24809950 0
761 24808871 -1
762 24800826 Timeout
763 24799826 -1
764 24798485 -1
765 24792005 -1
766 24786453 Timeout
767 24785681 Timeout
768 24785479 -1
769 24780451 -1
770 22415515 -1
771 22415203 -1
772 22405894 -1
773 22405890 -1
774 22405884 Timeout
775 22405867 Timeout
776 22403124 -1
777 17510776 -1
778 17401320 -1
779 17385864 -1
780 14735064 -1
781 11114068 -1
782 11113792 -1
783 11112851 -1
784 11112820 Timeout
785 11112755 Timeout
786 11112672 Timeout
787 11112577 Timeout
788 11112567 -1
789 11112446 -1
790 11112374 Timeout
791 7977328 -1
792 7977062 -1
793 7974059 -1
794 7973027 -1
795 4262490 -1
796 858779 Timeout
797 99360832 -1
798 93576719 Timeout
799 85200945 -1
800 56463531 Timeout
801 56463111 Timeout
802 56463108 Timeout
803 56324196 Timeout
804 49827607 Timeout
805 49825348 -1
806 49818727 -1
807 49818649 -1
808 49818492 -1
809 49818090 -1
810 49737293 -1
811 49732601 -1
812 49732343 Timeout
813 49723522 -1
814 49721196 -1
815 49719184 -1
816 49718926 Timeout
817 49718851 -1
818 49681621 -1
819 49674882 -1
820 49647245 Timeout
821 49646906 Timeout
822 47204873 -1
823 47204821 -1
824 47204820 -1
825 46501273 Timeout
826 46501177 Timeout
827 26732425 -1
828 26732424 Timeout
829 26732423 -1
830 26732421 Timeout
831 26732420 -1
832 26725275 Timeout
833 26669532 -1
834 26669445 -1
835 26669429 -1
836 26666472 -1
837 26666395 0
838 26666255 0
839 26664938 -1
840 26664240 0
841 26663608 0
842 26663389 -1
843 24810935 -1
844 24810934 -1
845 24810894 -1
846 24809983 -1
847 24809950 0
848 24808871 -1
849 24807915 0
850 24800779 -1
851 24799604 -1
852 24798485 -1
853 24792005 -1
854 24788533 -1
855 24786453 Timeout
856 24785681 Timeout
857 24785479 -1
858 24784997 -1
859 24784996 -1
860 24784995 -1
861 24784463 -1
862 24783289 -1
863 24783108 -1
864 24783004 -1
865 24782884 -1
866 24782882 -1
867 24780451 -1
868 24780304 -1
869 24391585 Timeout
870 24391567 -1
871 24391565 -1
872 24391561 -1
873 24391559 -1
874 24391553 -1
875 24391523 -1
876 24391521 -1
877 24391493 Timeout
878 24391471 Timeout
879 24391469 -1
880 24391467 -1
881 24391465 -1
882 24391461 -1
883 24391446 -1
884 24391444 -1
885 24391422 -1
886 24276231 -1
887 24274851 -1
888 22415515 -1
889 22415203 -1
890 22413693 Timeout
891 22413636 -1
892 22413567 0
893 22413385 0
894 22413349 0
895 22412941 -1
896 22412381 -1
897 22405907 -1
898 22405894 -1
899 22405890 -1
900 22405887 -1
901 22405884 Timeout
902 22405870 -1
903 22405861 -1
904 22405849 -1
905 22403124 -1
906 17510776 -1
907 17510681 Timeout
908 17507803 -1
909 17507148 -1
910 17431934 0
911 17415122 0
912 17385864 -1
913 14746297 0
914 14745918 -1
915 14741360 -1
916 14739043 -1
917 14738923 -1
918 14735802 -1
919 14735064 -1
920 14731108 0
921 14728046 -1
922 14727201 0
923 14725386 -1
924 14724180 -1
925 14719168 0
926 7977328 -1
927 7977062 -1
928 7975451 -1
929 7974059 -1
930 7973027 -1
931 7972660 -1
932 7972324 -1
933 4262490 -1
934 4260890 Timeout
935 4259641 -1
936 4258796 -1
937 4255980 -1
938 4249842 -1
939 4248512 -1
940 4241898 -1
941 863994 -1
942 861214 -1
943 861016 -1
944 857547 0
945 856334 -1
946 856108 -1
947 856038 -1
948 852981 -1
949 851246 -1
950 850556 -1
951 85147148 Timeout
952 56463113 Timeout
953 49826884 -1
954 49721079 -1
955 49720653 -1
956 49720650 -1
957 49720525 -1
958 47199222 -1
959 46501265 Timeout
960 46501215 Timeout
961 26732506 -1
962 26732402 -1
963 26732394 Timeout
964 26669428 -1
965 26667375 -1
966 26666394 -1
967 26665328 0
968 26663660 -1
969 24822944 -1
970 24819329 -1
971 24811033 -1
972 24810967 -1
973 24810933 -1
974 24809880 -1
975 24806757 -1
976 24800826 Timeout
977 24799826 -1
978 24799485 Timeout
979 24783834 -1
980 24783753 -1
981 24782885 -1
982 24782883 -1
983 24391563 -1
984 24391489 -1
985 24391463 -1
986 24391442 -1
987 24391440 -1
988 24391418 -1
989 24390180 -1
990 22413255 Timeout
991 22413037 -1
992 22405869 -1
993 22405867 Timeout
994 17511153 -1
995 17401461 -1
996 17401320 -1
997 14742996 -1
998 14741618 0
999 14736126 -1
1000 14735933 0
1001 14725002 -1
1002 7978301 -1
1003 7976174 -1
1004 7975664 -1
1005 7975332 -1
1006 4265390 -1
1007 4259996 -1
1008 4256861 -1
1009 4240975 -1
1010 865846 Timeout
1011 858779 Timeout
1012 852782 -1
1013 85200945 -1
1014 56463113 Timeout
1015 56463111 Timeout
1016 49827607 Timeout
1017 49826884 -1
1018 49818727 -1
1019 49818649 -1
1020 49818090 -1
1021 49732601 -1
1022 49732343 Timeout
1023 49723522 -1
1024 49721196 -1
1025 49720653 -1
1026 49720650 -1
1027 49720525 Timeout
1028 49718926 Timeout
1029 49718851 -1
1030 49674882 -1
1031 47204873 -1
1032 47204821 -1
1033 47204820 -1
1034 29215260 Timeout
1035 26758012 Timeout
1036 26757005 Timeout
1037 26756941 Timeout
1038 26756940 Timeout
1039 26756612 Timeout
1040 26756611 Timeout
1041 26756506 Timeout
1042 26756505 Timeout
1043 26755787 Timeout
1044 26754391 Timeout
1045 26754390 Timeout
1046 26750089 Timeout
1047 26749583 Timeout
1048 26749364 Timeout
1049 26749361 Timeout
1050 26749337 Timeout
1051 26748412 Timeout
1052 26732506 -1
1053 26732425 -1
1054 26732423 -1
1055 26732420 -1
1056 26725275 Timeout
1057 26669532 -1
1058 26669445 -1
1059 26669429 -1
1060 26667375 -1
1061 26666472 -1
1062 26666395 0
1063 26666255 0
1064 26665328 0
1065 26664938 -1
1066 26663608 0
1067 26663389 -1
1068 24822944 -1
1069 24819329 -1
1070 24811033 -1
1071 24810967 -1
1072 24810934 -1
1073 24810933 -1
1074 24810894 -1
1075 24809983 -1
1076 24809950 0
1077 24809880 -1
1078 24808871 -1
1079 24807915 0
1080 24806757 -1
1081 24800826 Timeout
1082 24800779 -1
1083 24799826 -1
1084 24799604 -1
1085 24798485 -1
1086 24792005 -1
1087 24788533 -1
1088 24785681 Timeout
1089 24785479 -1
1090 24784998 -1
1091 24784997 -1
1092 24784996 -1
1093 24784995 -1
1094 24783834 -1
1095 24783753 -1
1096 24783289 -1
1097 24783004 -1
1098 24782884 -1
1099 24780451 -1
1100 24780304 -1
1101 24391585 Timeout
1102 24391565 -1
1103 24391563 -1
1104 24391559 -1
1105 24391553 -1
1106 24391471 Timeout
1107 24391465 -1
1108 24391442 -1
1109 24391440 -1
1110 24391422 -1
1111 24390180 -1
1112 24276231 -1
1113 22415515 -1
1114 22415266 -1
1115 22413693 Timeout
1116 22413636 -1
1117 22413567 0
1118 22413349 0
1119 22413255 Timeout
1120 22413037 -1
1121 22412941 -1
1122 22405907 -1
1123 22405894 -1
1124 22405887 -1
1125 22405884 Timeout
1126 22405869 -1
1127 22405867 Timeout
1128 22403124 -1
1129 17511153 -1
1130 17510776 -1
1131 17507803 -1
1132 17507148 -1
1133 17431934 0
1134 17415122 0
1135 17401461 -1
1136 17401320 -1
1137 14746297 0
1138 14742996 -1
1139 14741360 -1
1140 14739043 -1
1141 14736126 -1
1142 14735933 0
1143 14731108 0
1144 14728046 -1
1145 14725386 -1
1146 14725002 -1
1147 14719168 0
1148 11113816 -1
1149 11113369 Timeout
1150 11112916 Timeout
1151 11112908 Timeout
1152 11112851 -1
1153 11112850 -1
1154 11112820 Timeout
1155 11112762 -1
1156 11112755 Timeout
1157 11112621 Timeout
1158 11112620 Timeout
1159 11112604 Timeout
1160 11112592 Timeout
1161 11112567 -1
1162 11112560 Timeout
1163 11112374 Timeout
1164 11112340 Timeout
1165 7977062 -1
1166 7976174 -1
1167 7975451 -1
1168 7974059 -1
1169 7973027 -1
1170 7972660 -1
1171 7972324 -1
1172 4262490 -1
1173 4260890 Timeout
1174 4259996 -1
1175 4259641 -1
1176 4255980 -1
1177 4253243 Timeout
1178 4253172 Timeout
1179 4253171 Timeout
1180 4253169 Timeout
1181 4249842 -1
1182 4248512 -1
1183 4241898 -1
1184 4240975 -1
1185 865846 Timeout
1186 863994 -1
1187 861214 -1
1188 858779 Timeout
1189 857547 0
1190 856334 -1
1191 856038 -1
1192 852981 -1
1193 852782 -1
1194 851246 -1
1195 850556 -1
1196 90340616 Timeout
1197 85147148 Timeout
1198 56463531 Timeout
1199 56463108 Timeout
1200 56324196 Timeout
1201 49825348 -1
1202 49818492 -1
1203 49737293 -1
1204 49721079 -1
1205 49647245 Timeout
1206 49646906 Timeout
1207 26755789 Timeout
1208 26755788 Timeout
1209 26754119 Timeout
1210 26750088 Timeout
1211 26749883 Timeout
1212 26749423 Timeout
1213 26749381 Timeout
1214 26749295 Timeout
1215 26732421 Timeout
1216 26732394 Timeout
1217 26725231 0
1218 26669428 -1
1219 26666394 -1
1220 26663660 -1
1221 24810935 -1
1222 24786453 Timeout
1223 24784463 -1
1224 24783108 -1
1225 24782885 -1
1226 24782883 -1
1227 24782882 -1
1228 24391567 -1
1229 24391561 -1
1230 24391523 -1
1231 24391521 -1
1232 24391493 Timeout
1233 24391489 -1
1234 24391469 Timeout
1235 24391467 -1
1236 24391463 -1
1237 24391461 -1
1238 24391446 -1
1239 24391444 -1
1240 24391418 -1
1241 24274851 -1
1242 22415203 -1
1243 22413385 0
1244 22412381 -1
1245 22405890 -1
1246 22405870 -1
1247 22405861 -1
1248 22405849 -1
1249 17510681 Timeout
1250 17388740 Timeout
1251 14745918 -1
1252 14738923 -1
1253 14735802 -1
1254 14735064 -1
1255 14727201 0
1256 14724180 -1
1257 11114133 -1
1258 11114068 -1
1259 11112903 Timeout
1260 11112446 -1
1261 11112375 Timeout
1262 7978301 -1
1263 7977328 -1
1264 7975332 -1
1265 4256861 -1
1266 4253170 Timeout
1267 4252484 -1
1268 856108 -1
1269 26754390 Timeout
1270 26754258 Timeout
1271 26754158 0
1272 26754119 Timeout
1273 26751439 Timeout
1274 26751438 Timeout
1275 26751180 -1
1276 26751093 -1
1277 26751085 Timeout
1278 26750089 Timeout
1279 26749883 Timeout
1280 26749583 Timeout
1281 26749423 Timeout
1282 26749381 Timeout
1283 26749361 Timeout
1284 26749295 Timeout
1285 26748412 Timeout
1286 17389736 Timeout
1287 17388740 Timeout
1288 11114133 -1
1289 11113816 -1
1290 11113792 -1
1291 11112916 Timeout
1292 11112908 Timeout
1293 11112903 Timeout
1294 11112850 -1
1295 11112762 -1
1296 11112672 Timeout
1297 11112621 Timeout
1298 11112620 Timeout
1299 11112604 Timeout
1300 11112592 Timeout
1301 11112567 -1
1302 11112560 Timeout
1303 11112446 -1
1304 11112420 Timeout
1305 11112375 Timeout
1306 11112374 Timeout
1307 11112340 Timeout
1308 11111525 Timeout
1309 11111374 Timeout
1310 11111354 Timeout
1311 11110935 Timeout
1312 7977328 -1
1313 7977062 -1
1314 7976174 -1
1315 7975664 -1
1316 7975451 -1
1317 7975332 -1
1318 7974059 -1
1319 7973027 -1
1320 7972660 -1
1321 7972324 -1
1322 4265390 -1
1323 4262490 -1
1324 4260890 Timeout
1325 4259996 -1
1326 4259641 -1
1327 4258796 -1
1328 4256861 -1
1329 4254369 Timeout
1330 4254267 -1
1331 4254068 -1
1332 4254057 -1
1333 4253942 -1
1334 4253922 -1
1335 4253816 -1
1336 4253708 Timeout
1337 4253639 Timeout
1338 4253637 -1
1339 4253594 Timeout
1340 4253575 -1
1341 4253512 Timeout
1342 4253311 -1
1343 4253243 Timeout
1344 4253231 Timeout
1345 4253212 -1
1346 4253172 Timeout
1347 4253171 Timeout
1348 4253170 Timeout
1349 4253169 Timeout
1350 4253148 -1
1351 4253015 -1
1352 4253013 -1
1353 4252591 -1
1354 4252532 -1
1355 4252513 -1
1356 4252484 -1
1357 4252456 -1
1358 4252453 -1
1359 4249842 -1
1360 4248512 -1
1361 4241898 -1
1362 4240975 -1
1363 865846 -1
1364 863994 -1
1365 861214 -1
1366 861016 -1
1367 857547 0
1368 852981 -1
1369 852782 -1
1370 851246 -1
1371 26751092 -1
1372 26749364 Timeout
1373 26749337 Timeout
1374 11114068 -1
1375 11113369 Timeout
1376 11112851 -1
1377 11112820 Timeout
1378 11112755 Timeout
1379 11112577 Timeout
1380 4255980 -1
1381 4254050 -1
1382 4254047 Timeout
1383 4253687 Timeout
1384 4253489 Timeout
1385 4253223 Timeout
1386 4253222 Timeout
1387 4253157 Timeout
1388 4253014 -1
1389 4252531 -1
1390 850556 -1
1391 24391567 -1
1392 24391565 -1
1393 24391563 -1
1394 24391561 -1
1395 24391559 -1
1396 24391553 -1
1397 24391523 -1
1398 24391493 Timeout
1399 24391489 -1
1400 24391471 Timeout
1401 24391469 Timeout
1402 24391467 -1
1403 24391463 -1
1404 24391461 -1
1405 24391444 -1
1406 24391442 -1
1407 24391440 -1
1408 24391422 -1
1409 24390180 -1
1410 24274851 -1
1411 24391585 Timeout
1412 24391521 -1
1413 24391465 -1
1414 24391446 -1
1415 24391418 -1
1416 24276231 -1
1417 49827607 Timeout
1418 49818649 -1
1419 49818492 -1
1420 49732601 -1
1421 49732343 Timeout
1422 49723522 -1
1423 49721196 -1
1424 49720650 -1
1425 49720525 Timeout
1426 49719184 -1
1427 49718926 Timeout
1428 49718851 -1
1429 49674882 -1
1430 49647245 Timeout
1431 49646906 Timeout
1432 47204821 -1
1433 47204820 -1
1434 26732506 -1
1435 26732425 -1
1436 26732423 -1
1437 26732421 Timeout
1438 26732420 -1
1439 26732402 -1
1440 26732394 Timeout
1441 26725275 Timeout
1442 26669532 -1
1443 26669445 -1
1444 26669429 -1
1445 26669428 -1
1446 26667375 -1
1447 26666472 -1
1448 26666394 -1
1449 26666255 0
1450 26665328 0
1451 26664938 -1
1452 26664240 0
1453 26663660 -1
1454 26663608 0
1455 26663389 -1
1456 24822944 -1
1457 24819329 -1
1458 24811033 -1
1459 24810967 -1
1460 24810935 -1
1461 24810934 -1
1462 24810933 -1
1463 24810894 -1
1464 24809880 -1
1465 24808871 -1
1466 24806757 -1
1467 24800826 Timeout
1468 24799826 -1
1469 24798485 -1
1470 24792005 -1
1471 24788533 -1
1472 24786453 Timeout
1473 24785681 Timeout
1474 24784998 -1
1475 24784997 -1
1476 24784996 -1
1477 24784995 -1
1478 24784463 -1
1479 24783834 -1
1480 24783753 -1
1481 24783108 -1
1482 24783004 -1
1483 24782885 -1
1484 24782884 -1
1485 24782883 -1
1486 24782882 -1
1487 24780451 -1
1488 22415515 -1
1489 22413693 Timeout
1490 22413636 -1
1491 22413567 0
1492 22413385 0
1493 22413349 0
1494 22413255 Timeout
1495 22413037 -1
1496 22412941 -1
1497 22412381 -1
1498 22405907 -1
1499 22405894 -1
1500 22405890 -1
1501 22405887 -1
1502 22405884 Timeout
1503 22405869 -1
1504 22405867 Timeout
1505 22405861 -1
1506 22405849 -1
1507 17511153 -1
1508 17510776 -1
1509 17510681 Timeout
1510 17507803 -1
1511 17431934 0
1512 17415122 0
1513 17401461 -1
1514 17385864 -1
1515 14746297 0
1516 14745918 -1
1517 14742996 -1
1518 14741618 0
1519 14741360 -1
1520 14739043 -1
1521 14736126 -1
1522 14735933 0
1523 14735802 -1
1524 14735064 -1
1525 14731108 0
1526 14719168 0
1527 7978301 -1
1528 7977328 -1
1529 7977062 -1
1530 7975664 -1
1531 7975451 -1
1532 7974059 -1
1533 7973027 -1
1534 7972660 -1
1535 7972324 -1
1536 4265390 -1
1537 4262490 -1
1538 4260890 Timeout
1539 4259996 -1
1540 4259641 -1
1541 4258796 -1
1542 4249842 -1
1543 4248512 -1
1544 4241898 -1
1545 4240975 -1
1546 863994 -1
1547 861214 -1
1548 861016 -1
1549 858779 Timeout
1550 857547 0
1551 856334 -1
1552 856108 -1
1553 856038 -1
1554 852782 -1
1555 49826884 -1
1556 49825348 -1
1557 49818727 -1
1558 49818090 -1
1559 49737293 -1
1560 49721079 -1
1561 49720653 -1
1562 26732424 Timeout
1563 26666395 0
1564 24809983 -1
1565 24809950 0
1566 24799604 -1
1567 24785479 -1
1568 24783289 -1
1569 22415266 -1
1570 22415203 -1
1571 22405870 -1
1572 22403124 -1
1573 17507148 -1
1574 17401320 -1
1575 14738923 -1
1576 14728046 -1
1577 14727201 0
1578 14725386 -1
1579 14725002 -1
1580 14724180 -1
1581 7976174 -1
1582 7975332 -1
1583 4256861 -1
1584 4255980 -1
1585 865846 Timeout
1586 852981 -1
1587 851246 -1
1588 850556 -1
1589 49826884 -1
1590 49825348 -1
1591 49818727 -1
1592 49818649 -1
1593 49737293 -1
1594 49732601 -1
1595 49732343 -1
1596 49721079 -1
1597 49720525 Timeout
1598 49718851 -1
1599 47204873 -1
1600 47204821 -1
1601 47204820 -1
1602 26756353 Timeout
1603 26732506 -1
1604 26732425 -1
1605 26732424 Timeout
1606 26732423 -1
1607 26732421 Timeout
1608 26732420 -1
1609 26732402 -1
1610 26725231 0
1611 26669532 -1
1612 26669445 -1
1613 26669429 -1
1614 26667375 -1
1615 26665328 0
1616 26664938 -1
1617 26664240 0
1618 26663660 -1
1619 26663608 0
1620 26663389 -1
1621 24822944 -1
1622 24819329 -1
1623 24811033 -1
1624 24810967 -1
1625 24810894 -1
1626 24809983 -1
1627 24807915 0
1628 24806757 -1
1629 24799604 -1
1630 24799485 Timeout
1631 24792005 -1
1632 24786453 Timeout
1633 24785479 -1
1634 24784998 -1
1635 24784996 -1
1636 24784995 -1
1637 24784463 -1
1638 24783834 -1
1639 24783753 -1
1640 24783289 -1
1641 24783108 -1
1642 24783004 -1
1643 24782885 -1
1644 24782884 -1
1645 24780451 -1
1646 22415515 -1
1647 22415266 -1
1648 22415203 -1
1649 22413636 -1
1650 22413567 0
1651 22413385 0
1652 22413349 0
1653 22413255 Timeout
1654 22413037 -1
1655 22412941 -1
1656 22405907 -1
1657 22405894 -1
1658 22405890 -1
1659 22405887 -1
1660 22405884 Timeout
1661 22405870 -1
1662 22405869 -1
1663 22405867 Timeout
1664 22405861 -1
1665 22405849 -1
1666 17510776 -1
1667 17510681 Timeout
1668 17507803 -1
1669 17507148 -1
1670 17401461 -1
1671 17401320 -1
1672 17385864 -1
1673 14746297 0
1674 14741618 0
1675 14741360 -1
1676 14739043 -1
1677 14738923 -1
1678 14736126 -1
1679 14735933 0
1680 14735802 -1
1681 14735064 -1
1682 14727201 0
1683 14725386 -1
1684 14725002 -1
1685 14724180 -1
1686 14719168 0
1687 7978301 -1
1688 7977328 -1
1689 7975664 -1
1690 7975451 -1
1691 7975332 -1
1692 7974059 -1
1693 7972660 -1
1694 7972324 -1
1695 4265390 -1
1696 4262490 -1
1697 4260890 Timeout
1698 4259996 -1
1699 4258796 -1
1700 4256861 -1
1701 4255980 -1
1702 4249842 -1
1703 4241898 -1
1704 863994 -1
1705 861214 -1
1706 861016 -1
1707 858779 Timeout
1708 856108 -1
1709 856038 -1
1710 851246 -1
1711 49827607 Timeout
1712 49719184 -1
1713 26732394 Timeout
1714 26725275 Timeout
1715 26669428 -1
1716 26666472 -1
1717 26666395 0
1718 26666394 -1
1719 26666255 0
1720 24810935 -1
1721 24810934 -1
1722 24810933 -1
1723 24809880 -1
1724 24808871 -1
1725 24800826 Timeout
1726 24800779 -1
1727 24799826 -1
1728 24798485 -1
1729 24788533 -1
1730 24785681 Timeout
1731 24784997 -1
1732 24782883 -1
1733 24782882 -1
1734 24780304 -1
1735 22413693 Timeout
1736 22412381 -1
1737 22403124 -1
1738 17511153 -1
1739 17431934 0
1740 17415122 0
1741 14745918 -1
1742 14742996 -1
1743 14731108 0
1744 14728046 -1
1745 7977062 -1
1746 7976174 -1
1747 7973027 -1
1748 4259641 -1
1749 4248512 -1
1750 4240975 -1
1751 865846 Timeout
1752 857547 0
1753 856334 -1
1754 852981 -1
1755 852782 -1
1756 850556 -1
1757 144211746 -1
1758 26749361 Timeout
1759 26749364 Timeout
1760 26666472 -1
1761 26754390 Timeout
1762 14727201 0
1763 49826884 -1
1764 49721079 -1
1765 93576719 Timeout
1766 17401320 -1
1767 26732424 Timeout
1768 26756941 Timeout
1769 24391442 -1
1770 49646906 Timeout
1771 856334 -1
1772 11112620 Timeout
1773 50109958 Timeout
1774 22405849 -1
1775 26754119 Timeout
1776 26755788 Timeout
1777 26666395 0
1778 26757038 Timeout
1779 26669532 -1
1780 26757005 Timeout
1781 24799485 Timeout
1782 24391440 -1
1783 49719184 -1
1784 24783004 -1
1785 24391446 -1
1786 26732402 -1
1787 11114133 -1
1788 22405867 Timeout
1789 24810967 -1
1790 24391469 Timeout
1791 24806757 -1
1792 24784997 -1
1793 24810934 -1
1794 22413693 Timeout
1795 24391489 -1
1796 24784463 -1
1797 17385864 -1
1798 14728046 -1
1799 4260890 Timeout
1800 29215260 Timeout
1801 11112375 Timeout
1802 14724180 -1
1803 24810933 -1
1804 26663389 -1
1805 14746297 0
1806 14742996 -1
1807 26669428 -1
1808 24800826 Timeout
1809 14725386 -1
1810 17401461 -1
1811 24391465 -1
1812 26664938 -1
1813 24391559 -1
1814 49718926 Timeout
1815 47204820 -1
1816 26667375 -1
1817 17388740 Timeout
1818 49720650 -1
1819 26732423 -1
1820 49827607 Timeout
1821 22412381 -1
1822 14731108 0
1823 49818090 -1
1824 46501273 Timeout
1825 24391467 -1
1826 56324196 Timeout
1827 17507148 -1
1828 26732394 Timeout
1829 4258796 -1
1830 14741618 0
1831 26666255 0
1832 49732343 Timeout
1833 49647245 Timeout
1834 4259641 -1
1835 24391563 -1
1836 4241898 -1
1837 4255980 -1
1838 11112916 Timeout
1839 11112820 Timeout
1840 22405894 -1
1841 11112672 Timeout
1842 24783834 -1
1843 24391444 -1
1844 24391553 Timeout
1845 24391461 -1
1846 863994 -1
1847 17511153 -1
1848 852981 -1
1849 7977328 -1
1850 861214 -1
1851 861016 -1
1852 26725275 Timeout
1853 24391493 Timeout
1854 17510776 -1
1855 22405861 -1
1856 24784996 -1
1857 24822944 -1
1858 24391471 Timeout
1859 24811033 -1
1860 22413255 Timeout
1861 24800779 -1
1862 26755787 Timeout
1863 22413037 -1
1864 24780451 -1
1865 24809950 0
1866 22413567 0
1867 24391561 -1
1868 26732506 -1
1869 4253171 Timeout
1870 11112374 Timeout
1871 11112567 -1
1872 24783289 -1
1873 7975451 -1
1874 47204821 -1
1875 56463108 Timeout
1876 46501177 Timeout
1877 11112420 Timeout
1878 24391463 -1
1879 49737293 -1
1880 24819329 -1
1881 851246 -1
1882 24391565 -1
1883 26749381 Timeout
1884 24391585 Timeout
1885 4253172 Timeout
1886 14735802 -1
1887 26755790 Timeout
1888 24808871 -1
1889 11112621 Timeout
1890 26749583 Timeout
1891 26663660 -1
1892 24798485 -1
1893 24391523 -1
1894 49674882 -1
1895 26749883 Timeout
1896 26725231 Timeout
1897 4253170 Timeout
1898 24782884 -1
1899 26663608 0
1900 11112446 -1
1901 4253169 Timeout
1902 46501265 Timeout
1903 22413385 0
1904 11112592 Timeout
1905 14735064 -1
1906 85200945 -1
1907 7976174 -1
1908 24276231 -1
1909 26748412 Timeout
1910 26755789 Timeout
1911 49721196 -1
1912 24799826 -1
1913 11112851 -1
1914 24792005 -1
1915 22405869 -1
1916 14736126 -1
1917 24782885 -1
1918 22405890 -1
1919 17431934 0
1920 90340616 Timeout
1921 11112755 Timeout
1922 852782 -1
1923 4240975 -1
1924 22413349 0
1925 49681621 -1
1926 49818727 -1
1927 26756940 Timeout
1928 85147148 Timeout
1929 22403124 -1
1930 26756506 Timeout
1931 24809983 -1
1932 7975332 -1
1933 26665328 0
1934 26750089 Timeout
1935 22413636 -1
1936 4249842 -1
1937 856038 -1
1938 11112908 Timeout
1939 14725002 -1
1940 22405870 -1
1941 50109976 Timeout
1942 49818492 -1
1943 4262490 -1
1944 7977062 -1
1945 26749337 Timeout
1946 11112850 -1
1947 49818649 -1
1948 22415515 -1
1949 22415203 -1
1950 857547 0
1951 4253243 Timeout
1952 26669445 -1
1953 49732601 -1
1954 7973027 -1
1955 24391521 -1
1956 26669429 -1
1957 24810894 -1
1958 24810935 -1
1959 49718851 -1
